1003605004
102621000119101
102781000119107
103001000119108
103276001
103981000119101
104485008
104780002
104941000119109
104951000119106
104961000119108
105401000119101
105597003
10596002
106000008
106018006
106153001
106281000119103
10635631000119106
10636431000119100
10656231000119100
10656271000119102
10660471000119109
10661671000119102
10662511000119101
10680005
10753491000119101
10754881000119104
107669003
109171000119104
110141000119100
110171000119107
110181000119105
111231000119109
111307005
111556005
11164009
112641009
112674009
113276009
113279002
113313006
113319005
113331007
1137472008
1142044000
1144894004
1148758003
1148903009
11530004
1153477009
1153623003
1153637007
1156670009
1156672001
1156682000
116225000
1162508007
1162975000
11687002
1172389004
1172654005
117590005
118188004
118897002
118932009
118937003
118940003
119218006
11953005
1196922005
1196923000
1197592001
119831000119106
120711000119108
120731000119103
1217068008
1217346007
1217674007
1237116009
123763000
124042003
1250004
12511000132108
125116007
1251386008
1255271005
125564007
125604000
125610000
1259048007
1260236009
1264021005
1264400000
126534007
126535008
126877002
1269101009
1269102002
1269103007
1269435001
127011001
127012008
127013003
127014009
127339009
127341005
12738006
1275616003
1275631007
127856007
127954009
1279707003
1279732001
1279734000
1279736003
128080005
128137003
128189008
128198006
128199003
128236002
128239009
128276007
128283000
128289001
128290005
128292002
128305008
128331005
1285518004
1285519007
128597007
12907000
129599004
1296523008
1296707006
1296708001
1296709009
13018008
13028004
1303834006
1303868000
1306699009
1306700005
13213009
1332436006
1332441003
1332442005
1332462002
1332463007
1332464001
1332465000
1332466004
1332467008
1332468003
1332469006
1332470007
1332471006
1332472004
13331008
1343588005
1344623000
1354552000
1354553005
1354554004
1362108000
1367802006
13694005
1370930009
137931000119102
137941000119106
138811000119100
138881000119106
138891000119109
138911000119106
138921000119104
1396367007
1396369005
1396370006
1396372003
1396374002
1396375001
1396468003
1396469006
140101000119109
140111000119107
140121000119100
140131000119102
14016003
140381000119104
140391000119101
140521000119107
140531000119105
14089001
14740000
14803004
1481000119100
1491000119102
1501000119109
15074003
1511000119107
1521000119100
1531000119102
1551000119108
15630851000119103
15632891000119109
15638451000119104
15638491000119109
15639131000119107
15639181000119108
1571000119104
157141000119108
15735161000119106
15735201000119101
15735241000119104
15735281000119109
15735321000119104
15775008
15776009
15936501000119100
15998311000119103
15998351000119102
15998391000119107
160670007
16110005
164881000119109
164971000119101
16640008
166818002
16697421000119103
16697471000119102
16697521000119104
16739971000119103
16740051000119100
16745051000119107
16745131000119100
16745211000119100
16745411000119104
16745531000119108
16745611000119102
16745651000119101
16745891000119105
16745931000119102
16746131000119105
16746261000119108
16746341000119103
16746661000119106
16746741000119102
16746901000119101
16746941000119104
16747021000119109
16747101000119101
16747141000119104
16747341000119101
16747661000119109
16747741000119100
16747901000119104
16748141000119100
16748741000119101
16749661000119102
16749781000119101
16851005
16891151000119103
16891191000119108
16934004
169876006
170763003
170766006
173300003
17346000
17417006
1771008
17769000
17888004
180924008
18234004
18307000
18311000119109
18521000119106
18718003
1899006
190330002
190331003
190368000
190372001
190389009
190406000
190447002
190905008
193141005
193183000
193184006
193185007
193186008
193209005
193349004
193350004
193387007
193489006
193556009
193570009
19378003
19429009
194828000
195029002
19660004
197605007
197661001
198609003
199223000
199229001
199230006
199231005
199612005
199745000
199879009
200687002
201000119106
201250006
201251005
201252003
201723002
201724008
20313009
21483005
21584002
21694000
217341008
22125009
22335008
224958001
22925008
22936001
23045005
230571009
230572002
230574001
230575000
230576004
230577008
230579006
230599000
232020009
232021008
232022001
232023006
232086000
232333009
235494005
235675006
235977001
235978006
23620008
236499007
236500003
236973005
237599002
237600004
237601000
237603002
237604008
237611007
237612000
237617006
237619009
237620003
237621004
237625008
237627000
237630007
237632004
237633009
237635002
237651005
237652003
237822008
237836003
237911005
238089003
238794007
238796009
238981002
238982009
238983004
238984005
239953001
240096000
24203005
243421000119104
243860001
24484000
247116004
247118003
247573007
24813008
248290002
2492009
249893002
25087005
25093002
251721007
251727006
25238003
253130001
253172000
25412000
255399007
255407002
255410009
255604002
25690000
25763004
25906001
26036001
260370003
260379002
260392004
262756006
26298008
26360005
263654008
263680009
26468004
26552008
26597004
266579006
2667000
267604001
268519009
26996000
2704003
272673000
274663001
2751001
27550009
276560009
276613009
279001004
27915009
27988004
280136002
280137006
28032008
281300000
281302008
28153001
28331000119107
285597000
285656000
285708004
28726007
28758002
28960008
290002008
290073004
29555009
29707007
297945000
298149009
298180004
299055007
299735001
299990002
301021005
301022003
302226006
30292005
303112003
303114002
304041004
304575007
3057000
3058005
308490002
309426007
310387003
310505005
311366001
311782002
312087002
31211000119101
312903003
312904009
312905005
312906006
312907002
312908007
312909004
312910009
312911008
312912001
312913006
312942003
312975006
312999006
313039003
31321000119102
31341008
314010006
314011005
314014002
314015001
314537004
314893005
314902007
314903002
31627007
317006
31820007
31992008
32041000
321667001
324301000119107
324311000119105
331371000119103
33559001
336981000119105
33747003
339008
34037000
344001
34711008
34881000119105
35105006
3548001
35777006
359611005
359642000
36024000
361216007
36171008
362969004
362973001
363005004
363070008
363080007
363104002
363185004
363212003
363235000
363290007
363343008
363847004
364589006
364729007
365723003
365795001
3658006
36582005
367211000119103
367241000119104
367261000119100
36735000
367591000119105
367991000119101
368051000119109
368141000119106
368151000119108
368171000119104
368181000119101
368201000119100
368251000119101
368421000119108
368431000119106
368441000119102
368451000119100
368461000119103
368521000119107
368541000119101
368551000119104
368561000119102
368581000119106
368591000119109
368601000119102
368711000119106
368721000119104
368741000119105
370494002
370992007
370999003
371087003
371304004
371405004
371561008
371632003
371879000
372070002
37231002
37782003
38046004
38205001
38542009
385424001
385486001
3855007
385627004
386045008
386053000
38716007
387713003
3900008
39058009
390834004
390996000
39127005
39181008
39211005
39231000087102
39352004
394844007
395204000
396956009
398140007
399244003
39937001
399862001
399863006
399864000
399865004
399866003
399868002
399869005
399870006
399871005
399872003
399873008
399874002
399875001
399876000
399877009
399939002
399957001
399959003
400202001
401156005
40172005
402478005
402710005
402727002
402864004
405719001
405749004
4062006
406208005
40791000119105
40801000119106
408540003
409774005
409777003
410942007
41296002
414173003
414174009
414393003
41801008
4184009
418560003
419100001
41911000119107
41915009
419193008
419933005
420270002
420279001
420422005
420436000
420486006
420514000
420662003
420683009
420715001
420756003
420789003
420825003
420868002
420918009
420996007
421075007
421256007
421305000
421326000
421365002
421437000
421468001
421631007
421725003
421750000
421779007
421847006
421893009
421895002
421920002
421966007
421986006
422014003
422034002
422088007
422099009
422126006
422166005
422183001
422275004
423341008
424124008
424736006
425323003
425455002
42658009
426875007
426907004
427027005
427089005
427134009
427571000
427943001
428007007
428339009
428360003
428896009
429054002
42954008
430801000124103
431855005
431856006
431857002
433144002
433146000
434912009
43959009
44054006
44138005
441574008
441656006
441689006
441739009
441862004
441900009
441971000124107
442686002
443694000
444073006
444074000
444110003
444780001
444827008
445125009
445170001
445260006
445353002
446252004
448157006
449735000
45272004
45793000
46635009
46716003
46742003
46894009
47078008
4720007
472324001
472699005
473448003
473449006
47538007
4783006
4830009
48362000
4855003
48951005
49455004
49549006
49698005
49755003
49765009
49817004
50620007
50960005
51002006
51114001
5181000119108
51833009
51840005
51995000
52034004
52254009
52674009
52988006
530558861000132104
53520000
5368009
53741008
54727009
55199003
5597008
56051008
56193007
56208002
56246009
56317004
56329008
56391002
56459004
5665001
57378007
57697001
57886004
58443009
58729003
58909005
59276001
59455009
5969009
60168000
60342002
60700002
60738003
60750009
609395005
609410002
609496007
60951000119105
609520005
609561005
609562003
609563008
609564002
609565001
609566000
609567009
609568004
609569007
609570008
609571007
609572000
609573005
609574004
609575003
609576002
609577006
609578001
609579009
609580007
609581006
609592007
60961000119107
609610009
609611008
60971000119101
60991000119100
6141006
61685007
61823004
62260007
62459000
6266001
62907002
63510008
63533009
64033007
64572001
65074000
65094009
6574001
66383009
66828007
6736007
677601000119101
677611000119103
67769002
68288006
68463000
68591005
68616007
691000119103
6942003
69536005
69695003
69980003
700378005
700379002
700453005
701000119103
703136005
703137001
703138006
703938007
704241002
706891008
706894000
70694009
707221002
70819003
709044004
709147009
710349003
710360007
711000119100
711168000
711637003
712882000
712883005
71325002
713457002
713702000
713703005
713704004
713705003
713706002
714152005
71421000119105
71441000119104
716020005
716362006
71701000119105
71721000119101
71771000119100
71791000119104
719216001
72021000119109
72031000119107
72041000119103
72051000119101
720519003
72061000119104
721000119107
721088003
721283000
721284006
72129000
72141000119104
721945009
721947001
721959002
721960007
722141002
722142009
722206009
722454003
72260008
722990003
723074006
72345007
724067006
724136006
724379002
724380004
724876003
725401007
731000119105
73211009
733072002
73371001
734022008
735200002
735537007
735538002
735539005
73590005
736652002
736653007
737212004
737220002
737240009
737241008
73897004
739681000
741000119101
74281007
74297002
74627003
74853008
75022004
751000119104
75367002
75524006
75594004
75934005
761000119102
76197007
762261001
762291006
762489000
763325000
76349003
763597000
76375004
765205004
767023003
76751001
76752008
76853006
768792007
768793002
768794008
768797001
768798006
768799003
769181007
769182000
769183005
769184004
769185003
769186002
769187006
769188001
769190000
769191001
769217008
769218003
769219006
769220000
769221001
769222008
769244003
769245002
76993005
770094004
770095003
770096002
770097006
770098001
770323005
770324004
770361008
770362001
770581008
770582001
770597003
770598008
770599000
770600002
770765001
770766000
771000119108
7769000
78076003
781000119106
782173000
782755007
782825008
782964007
783722008
78494001
78696007
786985009
788878000
788953003
789018001
789562001
789563006
789567007
789568002
789569005
789570006
789571005
789572003
789585000
789588003
791000119109
792925006
792926007
79554005
79654002
79677002
79705001
79868006
80394007
80891009
81016008
81065003
81308009
81450008
81531005
816067005
816117000
816119002
816120008
816177009
816178004
816961009
816962002
81745001
81830002
822995009
823996003
82423001
82541000119100
82551000119103
82571000119107
82581000119105
82646005
82859000
82980005
830071006
830072004
833278008
83678007
840581000
84361000119102
84371000119108
84387000
84757009
84782009
85003000
85423005
85995004
860614004
860721006
860798008
860883001
860921002
860977000
860978005
860979002
860980004
86765009
870420005
870421009
870528001
870529009
87104008
871778008
871781003
87441000119104
87461000119100
87471000119106
87491000119107
87536007
87784001
87900003
87921000119104
8801005
88092000
88258005
890122001
890171006
89545001
896818001
896832004
897413005
897438000
90241004
90708001
90721000119101
90731000119103
90734009
90741000119107
90751000119109
90761000119106
90781000119102
91043001
91159003
91273001
91352004
9418005
95320005
95324001
95344007
95345008
95662005
95663000
95695004
95722004
95827002
96441000119101
97331000119101
97341000119105
97621000119107
9859006
988002